28383 1 0 0 0 0 0
28074 1 0 0 0 0 0
31710 1 0 0 0 0 0
49134 1 0 0 0 0 0
32439 1 0 0 0 0 0
54646 1 0 0 0 0 0
56021 1 0 0 0 0 0
32638 1 0 0 0 0 0
49067 1 0 0 0 0 0
32695 1 0 0 0 0 0
24251 1 0 0 0 0 0
55285 1 0 0 0 0 0
60411 1 0 0 0 0 0
62906 1 0 0 0 0 0
44886 1 0 0 0 0 0
43991 1 0 0 0 0 0
64886 1 0 0 0 0 0
56315 1 0 0 0 0 0
56182 1 0 0 0 0 0
23509 1 0 0 0 0 0
43962 1 0 0 0 0 0
63466 1 0 0 0 0 0
54742 1 0 0 0 0 0
22269 1 0 0 0 0 0
64879 1 0 0 0 0 0
65397 1 0 0 0 0 0
21871 1 0 0 0 0 0
30442 1 0 0 0 0 0
57198 1 0 0 0 0 0
64986 1 0 0 0 0 0
21973 1 0 0 0 0 0
32247 1 0 0 0 0 0
46939 1 0 0 0 0 0
44458 1 0 0 0 0 0
24238 1 0 0 0 0 0
46581 1 0 0 0 0 0
31470 1 0 0 0 0 0
55277 1 0 0 0 0 0
60925 1 0 0 0 0 0
32426 1 0 0 0 0 0
24511 1 0 0 0 0 0
64438 1 0 0 0 0 0
56030 1 0 0 0 0 0
65495 1 0 0 0 0 0
44395 1 0 0 0 0 0
24234 1 0 0 0 0 0
22231 1 0 0 0 0 0
24286 1 0 0 0 0 0
55031 1 0 0 0 0 0
47978 1 0 0 0 0 0
32727 1 0 0 0 0 0
24318 1 0 0 0 0 0
64949 1 0 0 0 0 0
60155 1 0 0 0 0 0
28667 1 0 0 0 0 0
27990 1 0 0 0 0 0
23511 1 0 0 0 0 0
27997 1 0 0 0 0 0
43765 1 0 0 0 0 0
60909 1 0 0 0 0 0
56045 1 0 0 0 0 0
30591 1 0 0 0 0 0
61274 1 0 0 0 0 0
57215 1 0 0 0 0 0
61277 1 0 0 0 0 0
63467 1 0 0 0 0 0
43866 1 0 0 0 0 0
23902 1 0 0 0 0 0
44011 1 0 0 0 0 0
57301 1 0 0 0 0 0
32603 1 0 0 0 0 0
43949 1 0 0 0 0 0
56311 1 0 0 0 0 0
30429 1 0 0 0 0 0
46766 1 0 0 0 0 0
32186 1 0 0 0 0 0
27317 1 0 0 0 0 0
31583 1 0 0 0 0 0
47998 1 0 0 0 0 0
46429 1 0 0 0 0 0
32494 1 0 0 0 0 0
21975 1 0 0 0 0 0
31674 1 0 0 0 0 0
44973 1 0 0 0 0 0
44911 1 0 0 0 0 0
60125 1 0 0 0 0 0
31403 1 0 0 0 0 0
22230 1 0 0 0 0 0
30070 1 0 0 0 0 0
55215 1 0 0 0 0 0
46510 1 0 0 0 0 0
31479 1 0 0 0 0 0
60271 1 0 0 0 0 0
60413 1 0 0 0 0 0
64894 1 0 0 0 0 0
54774 1 0 0 0 0 0
60094 1 0 0 0 0 0
61147 1 0 0 0 0 0
32683 1 0 0 0 0 0
47791 1 0 0 0 0 0
54654 1 0 0 0 0 0
56158 1 0 0 0 0 0
60149 1 0 0 0 0 0
22527 1 0 0 0 0 0
44021 1 0 0 0 0 0
45013 1 0 0 0 0 0
60861 1 0 0 0 0 0
56794 1 0 0 0 0 0
60382 1 0 0 0 0 0
46815 1 0 0 0 0 0
62902 1 0 0 0 0 0
63221 1 0 0 0 0 0
46967 1 0 0 0 0 0
47965 1 0 0 0 0 0
60282 1 0 0 0 0 0
23406 1 0 0 0 0 0
48494 1 0 0 0 0 0
64958 1 0 0 0 0 0
60351 1 0 0 0 0 0
45054 1 0 0 0 0 0
28663 1 0 0 0 0 0
46826 1 0 0 0 0 0
47958 1 0 0 0 0 0
56821 1 0 0 0 0 0
61163 1 0 0 0 0 0
31406 1 0 0 0 0 0
46846 1 0 0 0 0 0
32183 1 0 0 0 0 0
60923 1 0 0 0 0 0
62941 1 0 0 0 0 0
62966 1 0 0 0 0 0
64250 1 0 0 0 0 0
31574 1 0 0 0 0 0
55994 1 0 0 0 0 0
22363 1 0 0 0 0 0
28117 1 0 0 0 0 0
24235 1 0 0 0 0 0
44413 1 0 0 0 0 0
44765 1 0 0 0 0 0
56175 1 0 0 0 0 0
61359 1 0 0 0 0 0
64366 1 0 0 0 0 0
21866 1 0 0 0 0 0
44501 1 0 0 0 0 0
65398 1 0 0 0 0 0
23421 1 0 0 0 0 0
60278 1 0 0 0 0 0
22357 1 0 0 0 0 0
23925 1 0 0 0 0 0
44766 1 0 0 0 0 0
63319 1 0 0 0 0 0
28027 1 0 0 0 0 0
47019 1 0 0 0 0 0
32251 1 0 0 0 0 0
27391 1 0 0 0 0 0
31405 1 0 0 0 0 0
56235 1 0 0 0 0 0
32735 1 0 0 0 0 0
48861 1 0 0 0 0 0
55995 1 0 0 0 0 0
28542 1 0 0 0 0 0
30427 1 0 0 0 0 0
49082 1 0 0 0 0 0
57197 1 0 0 0 0 0
23914 1 0 0 0 0 0
32111 1 0 0 0 0 0
23982 1 0 0 0 0 0
60090 1 0 0 0 0 0
61418 1 0 0 0 0 0
63355 1 0 0 0 0 0
22270 1 0 0 0 0 0
30166 1 0 0 0 0 0
44906 1 0 0 0 0 0
60075 1 0 0 0 0 0
60922 1 0 0 0 0 0
28410 1 0 0 0 0 0
44383 1 0 0 0 0 0
31727 1 0 0 0 0 0
32507 1 0 0 0 0 0
49133 1 0 0 0 0 0
45045 1 0 0 0 0 0
23291 1 0 0 0 0 0
54647 1 0 0 0 0 0
55221 1 0 0 0 0 0
32607 1 0 0 0 0 0
60119 1 0 0 0 0 0
27575 1 0 0 0 0 0
64954 1 0 0 0 0 0
44479 1 0 0 0 0 0
32094 1 0 0 0 0 0
30175 1 0 0 0 0 0
32474 1 0 0 0 0 0
28151 1 0 0 0 0 0
28030 1 0 0 0 0 0
43754 1 0 0 0 0 0
47989 1 0 0 0 0 0
32747 1 0 0 0 0 0
56811 1 0 0 0 0 0
43775 1 0 0 0 0 0
57274 1 0 0 0 0 0
47979 1 0 0 0 0 0
48110 1 0 0 0 0 0
60074 1 0 0 0 0 0
44534 1 0 0 0 0 0
22463 1 0 0 0 0 0
28655 1 0 0 0 0 0
30709 1 0 0 0 0 0
32765 1 0 0 0 0 0
60254 1 0 0 0 0 0
21950 1 0 0 0 0 0
32253 1 0 0 0 0 0
47063 1 0 0 0 0 0
28653 1 0 0 0 0 0
57333 1 0 0 0 0 0
32086 1 0 0 0 0 0
63163 1 0 0 0 0 0
28150 1 0 0 0 0 0
63415 1 0 0 0 0 0
31599 1 0 0 0 0 0
23547 1 0 0 0 0 0
60093 1 0 0 0 0 0
63405 1 0 0 0 0 0
64182 1 0 0 0 0 0
65454 1 0 0 0 0 0
30715 1 0 0 0 0 0
55006 1 0 0 0 0 0
23230 1 0 0 0 0 0
32173 1 0 0 0 0 0
60410 1 0 0 0 0 0
27515 1 0 0 0 0 0
30042 1 0 0 0 0 0
44762 1 0 0 0 0 0
49087 1 0 0 0 0 0
24311 1 0 0 0 0 0
22267 1 0 0 0 0 0
32622 1 0 0 0 0 0
43965 1 0 0 0 0 0
24063 1 0 0 0 0 0
44907 1 0 0 0 0 0
46935 1 0 0 0 0 0
30071 1 0 0 0 0 0
46941 1 0 0 0 0 0
48597 1 0 0 0 0 0
61115 1 0 0 0 0 0
24054 1 0 0 0 0 0
30447 1 0 0 0 0 0
31451 1 0 0 0 0 0
54711 1 0 0 0 0 0
62943 1 0 0 0 0 0
55165 1 0 0 0 0 0
63167 1 0 0 0 0 0
32430 1 0 0 0 0 0
24059 1 0 0 0 0 0
27387 1 0 0 0 0 0
27989 1 0 0 0 0 0
32598 1 0 0 0 0 0
54645 1 0 0 0 0 0
48574 1 0 0 0 0 0
57013 1 0 0 0 0 0
27511 1 0 0 0 0 0
23295 1 0 0 0 0 0
32621 1 0 0 0 0 0
46762 1 0 0 0 0 0
54959 1 0 0 0 0 0
55127 1 0 0 0 0 0
61118 1 0 0 0 0 0
44415 1 0 0 0 0 0
24309 1 0 0 0 0 0
47866 1 0 0 0 0 0
60414 1 0 0 0 0 0
65214 1 0 0 0 0 0
46582 1 0 0 0 0 0
54613 1 0 0 0 0 0
56279 1 0 0 0 0 0
56055 1 0 0 0 0 0
65407 1 0 0 0 0 0
47870 1 0 0 0 0 0
60885 1 0 0 0 0 0
32606 1 0 0 0 0 0
46829 1 0 0 0 0 0
44891 1 0 0 0 0 0
60139 1 0 0 0 0 0
63487 1 0 0 0 0 0
64891 1 0 0 0 0 0
22486 1 0 0 0 0 0
28351 1 0 0 0 0 0
47018 1 0 0 0 0 0
47035 1 0 0 0 0 0
64365 1 0 0 0 0 0
54970 1 0 0 0 0 0
63445 1 0 0 0 0 0
22263 1 0 0 0 0 0
28502 1 0 0 0 0 0
31669 1 0 0 0 0 0
46511 1 0 0 0 0 0
60763 1 0 0 0 0 0
65535 1 0 0 0 0 0
64426 1 0 0 0 0 0
56285 1 0 0 0 0 0
23531 1 0 0 0 0 0
27563 1 0 0 0 0 0
61310 1 0 0 0 0 0
32730 1 0 0 0 0 0
46847 1 0 0 0 0 0
56667 1 0 0 0 0 0
56695 1 0 0 0 0 0
46525 1 0 0 0 0 0
61397 1 0 0 0 0 0
65405 1 0 0 0 0 0
22509 1 0 0 0 0 0
30202 1 0 0 0 0 0
24062 1 0 0 0 0 0
28075 1 0 0 0 0 0
55166 1 0 0 0 0 0
56191 1 0 0 0 0 0
32511 1 0 0 0 0 0
49085 1 0 0 0 0 0
22191 1 0 0 0 0 0
48605 1 0 0 0 0 0
28154 1 0 0 0 0 0
22250 1 0 0 0 0 0
44731 1 0 0 0 0 0
57327 1 0 0 0 0 0
62838 1 0 0 0 0 0
63451 1 0 0 0 0 0
43967 1 0 0 0 0 0
21978 1 0 0 0 0 0
54615 1 0 0 0 0 0
28630 1 0 0 0 0 0
57005 1 0 0 0 0 0
65207 1 0 0 0 0 0
48094 1 0 0 0 0 0
31661 1 0 0 0 0 0
60079 1 0 0 0 0 0
31733 1 0 0 0 0 0
23255 1 0 0 0 0 0
28669 1 0 0 0 0 0
65526 1 0 0 0 0 0
46591 1 0 0 0 0 0
46831 1 0 0 0 0 0
32122 1 0 0 0 0 0
32702 1 0 0 0 0 0
21947 1 0 0 0 0 0
46814 1 0 0 0 0 0
49015 1 0 0 0 0 0
44525 1 0 0 0 0 0
60267 1 0 0 0 0 0
64214 1 0 0 0 0 0
47083 1 0 0 0 0 0
44794 1 0 0 0 0 0
55038 1 0 0 0 0 0
61429 1 0 0 0 0 0
63479 1 0 0 0 0 0
65014 1 0 0 0 0 0
65402 1 0 0 0 0 0
47834 1 0 0 0 0 0
56151 1 0 0 0 0 0
43871 1 0 0 0 0 0
46509 1 0 0 0 0 0
28522 1 0 0 0 0 0
56751 1 0 0 0 0 0
57173 1 0 0 0 0 0
27578 1 0 0 0 0 0
48606 1 0 0 0 0 0
46431 1 0 0 0 0 0
60893 1 0 0 0 0 0
64494 1 0 0 0 0 0
57023 1 0 0 0 0 0
64183 1 0 0 0 0 0
65466 1 0 0 0 0 0
46527 1 0 0 0 0 0
60374 1 0 0 0 0 0
24030 1 0 0 0 0 0
47962 1 0 0 0 0 0
23422 1 0 0 0 0 0
57323 1 0 0 0 0 0
64437 1 0 0 0 0 0
44885 1 0 0 0 0 0
60091 1 0 0 0 0 0
57205 1 0 0 0 0 0
23287 1 0 0 0 0 0
48558 1 0 0 0 0 0
23477 1 0 0 0 0 0
46422 1 0 0 0 0 0
60350 1 0 0 0 0 0
30702 1 0 0 0 0 0
24055 1 0 0 0 0 0
31579 1 0 0 0 0 0
27482 1 0 0 0 0 0
27994 1 0 0 0 0 0
54973 1 0 0 0 0 0
47991 1 0 0 0 0 0
65455 1 0 0 0 0 0
46805 1 0 0 0 0 0
54622 1 0 0 0 0 0
22379 1 0 0 0 0 0
55253 1 0 0 0 0 0
62971 1 0 0 0 0 0
65258 1 0 0 0 0 0
48987 1 0 0 0 0 0
60245 1 0 0 0 0 0
32110 1 0 0 0 0 0
30037 1 0 0 0 0 0
65279 1 0 0 0 0 0
43894 1 0 0 0 0 0
60078 1 0 0 0 0 0
24506 1 0 0 0 0 0
48810 1 0 0 0 0 0
63226 1 0 0 0 0 0
22519 1 0 0 0 0 0
23983 1 0 0 0 0 0
48823 1 0 0 0 0 0
47021 1 0 0 0 0 0
43757 1 0 0 0 0 0
32509 1 0 0 0 0 0
47805 1 0 0 0 0 0
54743 1 0 0 0 0 0
62967 1 0 0 0 0 0
28637 1 0 0 0 0 0
44927 1 0 0 0 0 0
44795 1 0 0 0 0 0
48573 1 0 0 0 0 0
49086 1 0 0 0 0 0
49119 1 0 0 0 0 0
55979 1 0 0 0 0 0
30682 1 0 0 0 0 0
63454 1 0 0 0 0 0
65365 1 0 0 0 0 0
65022 1 0 0 0 0 0
62810 1 0 0 0 0 0
65374 1 0 0 0 0 0
46974 1 0 0 0 0 0
46975 1 0 0 0 0 0
56239 1 0 0 0 0 0
30679 1 0 0 0 0 0
44779 1 0 0 0 0 0
48501 1 0 0 0 0 0
56250 1 0 0 0 0 0
44735 1 0 0 0 0 0
56791 1 0 0 0 0 0
46430 1 0 0 0 0 0
64347 1 0 0 0 0 0
28397 1 0 0 0 0 0
44469 1 0 0 0 0 0
55167 1 0 0 0 0 0
32470 1 0 0 0 0 0
55229 1 0 0 0 0 0
28415 1 0 0 0 0 0
62894 1 0 0 0 0 0
21941 1 0 0 0 0 0
23229 1 0 0 0 0 0
31722 1 0 0 0 0 0
61278 1 0 0 0 0 0
56666 1 0 0 0 0 0
60285 1 0 0 0 0 0
21855 1 0 0 0 0 0
60349 1 0 0 0 0 0
49118 1 0 0 0 0 0
62895 1 0 0 0 0 0
23549 1 0 0 0 0 0
43995 1 0 0 0 0 0
27306 1 0 0 0 0 0
31678 1 0 0 0 0 0
65391 1 0 0 0 0 0
60141 1 0 0 0 0 0
30459 1 0 0 0 0 0
28375 1 0 0 0 0 0
24043 1 0 0 0 0 0
47829 1 0 0 0 0 0
54639 1 0 0 0 0 0
24501 1 0 0 0 0 0
56022 1 0 0 0 0 0
63227 1 0 0 0 0 0
65501 1 0 0 0 0 0
32731 1 0 0 0 0 0
28013 1 0 0 0 0 0
60334 1 0 0 0 0 0
57022 1 0 0 0 0 0
60379 1 0 0 0 0 0
60859 1 0 0 0 0 0
61293 1 0 0 0 0 0
61422 1 0 0 0 0 0
64855 1 0 0 0 0 0
65006 1 0 0 0 0 0
49013 1 0 0 0 0 0
23470 1 0 0 0 0 0
48619 1 0 0 0 0 0
47037 1 0 0 0 0 0
27610 1 0 0 0 0 0
43998 1 0 0 0 0 0
54765 1 0 0 0 0 0
63189 1 0 0 0 0 0
60854 1 0 0 0 0 0
30443 1 0 0 0 0 0
22359 1 0 0 0 0 0
30426 1 0 0 0 0 0
32093 1 0 0 0 0 0
30197 1 0 0 0 0 0
27358 1 0 0 0 0 0
46463 1 0 0 0 0 0
63455 1 0 0 0 0 0
48827 1 0 0 0 0 0
48570 1 0 0 0 0 0
23413 1 0 0 0 0 0
62837 1 0 0 0 0 0
24314 1 0 0 0 0 0
46589 1 0 0 0 0 0
60142 1 0 0 0 0 0
65502 1 0 0 0 0 0
56286 1 0 0 0 0 0
32214 1 0 0 0 0 0
56795 1 0 0 0 0 0
56062 1 0 0 0 0 0
63149 1 0 0 0 0 0
63402 1 0 0 0 0 0
47098 1 0 0 0 0 0
47061 1 0 0 0 0 0
30698 1 0 0 0 0 0
47022 1 0 0 0 0 0
57339 1 0 0 0 0 0
30199 1 0 0 0 0 0
24430 1 0 0 0 0 0
44029 1 0 0 0 0 0
60117 1 0 0 0 0 0
24507 1 0 0 0 0 0
47803 1 0 0 0 0 0
65525 1 0 0 0 0 0
48887 1 0 0 0 0 0
56026 1 0 0 0 0 0
64511 1 0 0 0 0 0
61367 1 0 0 0 0 0
44382 1 0 0 0 0 0
62890 1 0 0 0 0 0
57055 1 0 0 0 0 0
30590 1 0 0 0 0 0
32246 1 0 0 0 0 0
32438 1 0 0 0 0 0
27510 1 0 0 0 0 0
45019 1 0 0 0 0 0
47095 1 0 0 0 0 0
48566 1 0 0 0 0 0
22010 1 0 0 0 0 0
65451 1 0 0 0 0 0
23530 1 0 0 0 0 0
48086 1 0 0 0 0 0
44791 1 0 0 0 0 0
56186 1 0 0 0 0 0
63194 1 0 0 0 0 0
54762 1 0 0 0 0 0
30463 1 0 0 0 0 0
60887 1 0 0 0 0 0
30127 1 0 0 0 0 0
49077 1 0 0 0 0 0
30587 1 0 0 0 0 0
23997 1 0 0 0 0 0
31615 1 0 0 0 0 0
32750 1 0 0 0 0 0
24061 1 0 0 0 0 0
27573 1 0 0 0 0 0
24058 1 0 0 0 0 0
44734 1 0 0 0 0 0
47082 1 0 0 0 0 0
49149 1 0 0 0 0 0
23405 1 0 0 0 0 0
54619 1 0 0 0 0 0
22186 1 0 0 0 0 0
27503 1 0 0 0 0 0
43997 1 0 0 0 0 0
60890 1 0 0 0 0 0
30045 1 0 0 0 0 0
27645 1 0 0 0 0 0
44541 1 0 0 0 0 0
54750 1 0 0 0 0 0
27318 1 0 0 0 0 0
32427 1 0 0 0 0 0
57326 1 0 0 0 0 0
27567 1 0 0 0 0 0
30453 1 0 0 0 0 0
23486 1 0 0 0 0 0
27351 1 0 0 0 0 0
31423 1 0 0 0 0 0
43755 1 0 0 0 0 0
47093 1 0 0 0 0 0
49066 1 0 0 0 0 0
61370 1 0 0 0 0 0
63230 1 0 0 0 0 0
28346 1 0 0 0 0 0
60797 1 0 0 0 0 0
27325 1 0 0 0 0 0
46558 1 0 0 0 0 0
30039 1 0 0 0 0 0
61399 1 0 0 0 0 0
57181 1 0 0 0 0 0
32503 1 0 0 0 0 0
56299 1 0 0 0 0 0
63338 1 0 0 0 0 0
30573 1 0 0 0 0 0
32213 1 0 0 0 0 0
64221 1 0 0 0 0 0
64443 1 0 0 0 0 0
32631 1 0 0 0 0 0
62826 1 0 0 0 0 0
22459 1 0 0 0 0 0
23414 1 0 0 0 0 0
48575 1 0 0 0 0 0
48894 1 0 0 0 0 0
30549 1 0 0 0 0 0
57341 1 0 0 0 0 0
46965 1 0 0 0 0 0
22198 1 0 0 0 0 0
22391 1 0 0 0 0 0
57259 1 0 0 0 0 0
22490 1 0 0 0 0 0
32222 1 0 0 0 0 0
63471 1 0 0 0 0 0
45053 1 0 0 0 0 0
28639 1 0 0 0 0 0
46775 1 0 0 0 0 0
32442 1 0 0 0 0 0
28023 1 0 0 0 0 0
21846 1 0 0 0 0 0
46461 1 0 0 0 0 0
43758 1 0 0 0 0 0
62813 1 0 0 0 0 0
61269 1 0 0 0 0 0
64941 1 0 0 0 0 0
65005 1 0 0 0 0 0
61149 1 0 0 0 0 0
56042 1 0 0 0 0 0
64938 1 0 0 0 0 0
65499 1 0 0 0 0 0
46938 1 0 0 0 0 0
57262 1 0 0 0 0 0
44971 1 0 0 0 0 0
62806 1 0 0 0 0 0
22453 1 0 0 0 0 0
46811 1 0 0 0 0 0
64222 1 0 0 0 0 0
28533 1 0 0 0 0 0
21949 1 0 0 0 0 0
48509 1 0 0 0 0 0
30554 1 0 0 0 0 0
61406 1 0 0 0 0 0
63150 1 0 0 0 0 0
65194 1 0 0 0 0 0
43695 1 0 0 0 0 0
44523 1 0 0 0 0 0
21951 1 0 0 0 0 0
21981 1 0 0 0 0 0
30550 1 0 0 0 0 0
30717 1 0 0 0 0 0
55130 1 0 0 0 0 0
56662 1 0 0 0 0 0
63418 1 0 0 0 0 0
63198 1 0 0 0 0 0
24570 1 0 0 0 0 0
48479 1 0 0 0 0 0
32629 1 0 0 0 0 0
30171 1 0 0 0 0 0
27565 1 0 0 0 0 0
54767 1 0 0 0 0 0
23254 1 0 0 0 0 0
30186 1 0 0 0 0 0
31482 1 0 0 0 0 0
44910 1 0 0 0 0 0
24554 1 0 0 0 0 0
43887 1 0 0 0 0 0
48111 1 0 0 0 0 0
65493 1 0 0 0 0 0
60847 1 0 0 0 0 0
47034 1 0 0 0 0 0
24029 1 0 0 0 0 0
23894 1 0 0 0 0 0
54635 1 0 0 0 0 0
56277 1 0 0 0 0 0
27486 1 0 0 0 0 0
27355 1 0 0 0 0 0
32479 1 0 0 0 0 0
27327 1 0 0 0 0 0
64350 1 0 0 0 0 0
27991 1 0 0 0 0 0
54698 1 0 0 0 0 0
31595 1 0 0 0 0 0
49002 1 0 0 0 0 0
60287 1 0 0 0 0 0
23403 1 0 0 0 0 0
23407 1 0 0 0 0 0
24022 1 0 0 0 0 0
27627 1 0 0 0 0 0
30125 1 0 0 0 0 0
49147 1 0 0 0 0 0
22526 1 0 0 0 0 0
30059 1 0 0 0 0 0
60927 1 0 0 0 0 0
60394 1 0 0 0 0 0
27629 1 0 0 0 0 0
47982 1 0 0 0 0 0
55002 1 0 0 0 0 0
64950 1 0 0 0 0 0
28094 1 0 0 0 0 0
30074 1 0 0 0 0 0
44414 1 0 0 0 0 0
61398 1 0 0 0 0 0
32602 1 0 0 0 0 0
23286 1 0 0 0 0 0
57077 1 0 0 0 0 0
30699 1 0 0 0 0 0
27483 1 0 0 0 0 0
57334 1 0 0 0 0 0
28654 1 0 0 0 0 0
32491 1 0 0 0 0 0
28503 1 0 0 0 0 0
30058 1 0 0 0 0 0
30391 1 0 0 0 0 0
60157 1 0 0 0 0 0
55262 1 0 0 0 0 0
24278 1 0 0 0 0 0
61109 1 0 0 0 0 0
65237 1 0 0 0 0 0
56054 1 0 0 0 0 0
23214 1 0 0 0 0 0
56830 1 0 0 0 0 0
56661 1 0 0 0 0 0
57335 1 0 0 0 0 0
44890 1 0 0 0 0 0
63469 1 0 0 0 0 0
23275 1 0 0 0 0 0
48059 1 0 0 0 0 0
47029 1 0 0 0 0 0
32238 1 0 0 0 0 0
28379 1 0 0 0 0 0
47806 1 0 0 0 0 0
44405 1 0 0 0 0 0
54954 1 0 0 0 0 0
63229 1 0 0 0 0 0
30687 1 0 0 0 0 0
43707 1 0 0 0 0 0
65205 1 0 0 0 0 0
32757 1 0 0 0 0 0
27478 1 0 0 0 0 0
65206 1 0 0 0 0 0
65277 1 0 0 0 0 0
48875 1 0 0 0 0 0
65199 1 0 0 0 0 0
23290 1 0 0 0 0 0
56763 1 0 0 0 0 0
46459 1 0 0 0 0 0
31597 1 0 0 0 0 0
30063 1 0 0 0 0 0
32190 1 0 0 0 0 0
28334 1 0 0 0 0 0
64383 1 0 0 0 0 0
30138 1 0 0 0 0 0
23995 1 0 0 0 0 0
49069 1 0 0 0 0 0
55223 1 0 0 0 0 0
32235 1 0 0 0 0 0
47103 1 0 0 0 0 0
61431 1 0 0 0 0 0
63413 1 0 0 0 0 0
57322 1 0 0 0 0 0
46518 1 0 0 0 0 0
44715 1 0 0 0 0 0
57302 1 0 0 0 0 0
65390 1 0 0 0 0 0
43766 1 0 0 0 0 0
65002 1 0 0 0 0 0
31738 1 0 0 0 0 0
27582 1 0 0 0 0 0
43694 1 0 0 0 0 0
21867 1 0 0 0 0 0
60795 1 0 0 0 0 0
63450 1 0 0 0 0 0
65013 1 0 0 0 0 0
43759 1 0 0 0 0 0
44783 1 0 0 0 0 0
22510 1 0 0 0 0 0
56063 1 0 0 0 0 0
23479 1 0 0 0 0 0
46555 1 0 0 0 0 0
27326 1 0 0 0 0 0
23259 1 0 0 0 0 0
46573 1 0 0 0 0 0
32189 1 0 0 0 0 0
45021 1 0 0 0 0 0
56767 1 0 0 0 0 0
24406 1 0 0 0 0 0
24447 1 0 0 0 0 0
27574 1 0 0 0 0 0
44714 1 0 0 0 0 0
61403 1 0 0 0 0 0
28399 1 0 0 0 0 0
45047 1 0 0 0 0 0
64235 1 0 0 0 0 0
48890 1 0 0 0 0 0
44010 1 0 0 0 0 0
56670 1 0 0 0 0 0
57174 1 0 0 0 0 0
44394 1 0 0 0 0 0
55981 1 0 0 0 0 0
57182 1 0 0 0 0 0
65375 1 0 0 0 0 0
32693 1 0 0 0 0 0
44799 1 0 0 0 0 0
63211 1 0 0 0 0 0
49142 1 0 0 0 0 0
47999 1 0 0 0 0 0
48634 1 0 0 0 0 0
44539 1 0 0 0 0 0
56053 1 0 0 0 0 0
47838 1 0 0 0 0 0
55295 1 0 0 0 0 0
46559 1 0 0 0 0 0
44990 1 0 0 0 0 0
60790 1 0 0 0 0 0
65470 1 0 0 0 0 0
32109 1 0 0 0 0 0
32639 1 0 0 0 0 0
48469 1 0 0 0 0 0
61099 1 0 0 0 0 0
64893 1 0 0 0 0 0
63422 1 0 0 0 0 0
32701 1 0 0 0 0 0
43773 1 0 0 0 0 0
46442 1 0 0 0 0 0
54702 1 0 0 0 0 0
57206 1 0 0 0 0 0
63222 1 0 0 0 0 0
32763 1 0 0 0 0 0
43863 1 0 0 0 0 0
22358 1 0 0 0 0 0
47086 1 0 0 0 0 0
64507 1 0 0 0 0 0
64875 1 0 0 0 0 0
44925 1 0 0 0 0 0
57338 1 0 0 0 0 0
56254 1 0 0 0 0 0
43901 1 0 0 0 0 0
45018 1 0 0 0 0 0
30703 1 0 0 0 0 0
45014 1 0 0 0 0 0
31445 1 0 0 0 0 0
43711 1 0 0 0 0 0
64447 1 0 0 0 0 0
65003 1 0 0 0 0 0
31471 1 0 0 0 0 0
65195 1 0 0 0 0 0
46843 1 0 0 0 0 0
32123 1 0 0 0 0 0
56747 1 0 0 0 0 0
65262 1 0 0 0 0 0
60911 1 0 0 0 0 0
44023 1 0 0 0 0 0
44522 1 0 0 0 0 0
48565 1 0 0 0 0 0
55294 1 0 0 0 0 0
24575 1 0 0 0 0 0
48599 1 0 0 0 0 0
23279 1 0 0 0 0 0
46827 1 0 0 0 0 0
24535 1 0 0 0 0 0
23285 1 0 0 0 0 0
47854 1 0 0 0 0 0
65259 1 0 0 0 0 0
60158 1 0 0 0 0 0
32597 1 0 0 0 0 0
61373 1 0 0 0 0 0
54741 1 0 0 0 0 0
32087 1 0 0 0 0 0
46763 1 0 0 0 0 0
32431 1 0 0 0 0 0
47830 1 0 0 0 0 0
54975 1 0 0 0 0 0
22203 1 0 0 0 0 0
30382 1 0 0 0 0 0
32605 1 0 0 0 0 0
44459 1 0 0 0 0 0
30046 1 0 0 0 0 0
27638 1 0 0 0 0 0
27375 1 0 0 0 0 0
27349 1 0 0 0 0 0
31486 1 0 0 0 0 0
56154 1 0 0 0 0 0
28077 1 0 0 0 0 0
57343 1 0 0 0 0 0
60791 1 0 0 0 0 0
30122 1 0 0 0 0 0
32085 1 0 0 0 0 0
30571 1 0 0 0 0 0
56301 1 0 0 0 0 0
54715 1 0 0 0 0 0
44510 1 0 0 0 0 0
60126 1 0 0 0 0 0
28123 1 0 0 0 0 0
48623 1 0 0 0 0 0
24555 1 0 0 0 0 0
48571 1 0 0 0 0 0
30650 1 0 0 0 0 0
28507 1 0 0 0 0 0
46838 1 0 0 0 0 0
56759 1 0 0 0 0 0
23930 1 0 0 0 0 0
27519 1 0 0 0 0 0
27637 1 0 0 0 0 0
28381 1 0 0 0 0 0
46933 1 0 0 0 0 0
30559 1 0 0 0 0 0
44471 1 0 0 0 0 0
55035 1 0 0 0 0 0
49143 1 0 0 0 0 0
28598 1 0 0 0 0 0
46550 1 0 0 0 0 0
22458 1 0 0 0 0 0
55029 1 0 0 0 0 0
57210 1 0 0 0 0 0
60286 1 0 0 0 0 0
24431 1 0 0 0 0 0
64854 1 0 0 0 0 0
24045 1 0 0 0 0 0
44767 1 0 0 0 0 0
43702 1 0 0 0 0 0
65274 1 0 0 0 0 0
47966 1 0 0 0 0 0
54783 1 0 0 0 0 0
55037 1 0 0 0 0 0
30389 1 0 0 0 0 0
31614 1 0 0 0 0 0
28597 1 0 0 0 0 0
28029 1 0 0 0 0 0
43895 1 0 0 0 0 0
62934 1 0 0 0 0 0
27509 1 0 0 0 0 0
28629 1 0 0 0 0 0
60843 1 0 0 0 0 0
44983 1 0 0 0 0 0
27562 1 0 0 0 0 0
46571 1 0 0 0 0 0
57258 1 0 0 0 0 0
24285 1 0 0 0 0 0
28411 1 0 0 0 0 0
27606 1 0 0 0 0 0
63343 1 0 0 0 0 0
24021 1 0 0 0 0 0
48106 1 0 0 0 0 0
27614 1 0 0 0 0 0
44909 1 0 0 0 0 0
31658 1 0 0 0 0 0
28523 1 0 0 0 0 0
23927 1 0 0 0 0 0
55213 1 0 0 0 0 0
43959 1 0 0 0 0 0
30589 1 0 0 0 0 0
56310 1 0 0 0 0 0
44542 1 0 0 0 0 0
23551 1 0 0 0 0 0
64858 1 0 0 0 0 0
63157 1 0 0 0 0 0
63446 1 0 0 0 0 0
64469 1 0 0 0 0 0
23382 1 0 0 0 0 0
27579 1 0 0 0 0 0
64254 1 0 0 0 0 0
65263 1 0 0 0 0 0
64951 1 0 0 0 0 0
43870 1 0 0 0 0 0
23485 1 0 0 0 0 0
30079 1 0 0 0 0 0
62954 1 0 0 0 0 0
54618 1 0 0 0 0 0
30189 1 0 0 0 0 0
31613 1 0 0 0 0 0
49070 1 0 0 0 0 0
62974 1 0 0 0 0 0
30710 1 0 0 0 0 0
64342 1 0 0 0 0 0
24437 1 0 0 0 0 0
28091 1 0 0 0 0 0
32175 1 0 0 0 0 0
44381 1 0 0 0 0 0
60405 1 0 0 0 0 0
65370 1 0 0 0 0 0
21934 1 0 0 0 0 0
62805 1 0 0 0 0 0
44027 1 0 0 0 0 0
27485 1 0 0 0 0 0
27382 1 0 0 0 0 0
54717 1 0 0 0 0 0
64501 1 0 0 0 0 0
31725 1 0 0 0 0 0
63231 1 0 0 0 0 0
55034 1 0 0 0 0 0
48511 1 0 0 0 0 0
55133 1 0 0 0 0 0
44981 1 0 0 0 0 0
65215 1 0 0 0 0 0
57006 1 0 0 0 0 0
62815 1 0 0 0 0 0
24407 1 0 0 0 0 0
28506 1 0 0 0 0 0
32219 1 0 0 0 0 0
54638 1 0 0 0 0 0
61102 1 0 0 0 0 0
61366 1 0 0 0 0 0
44462 1 0 0 0 0 0
30133 1 0 0 0 0 0
48117 1 0 0 0 0 0
32090 1 0 0 0 0 0
55998 1 0 0 0 0 0
60919 1 0 0 0 0 0
57087 1 0 0 0 0 0
61166 1 0 0 0 0 0
63407 1 0 0 0 0 0
21997 1 0 0 0 0 0
61301 1 0 0 0 0 0
64957 1 0 0 0 0 0
47957 1 0 0 0 0 0
56170 1 0 0 0 0 0
23294 1 0 0 0 0 0
32107 1 0 0 0 0 0
48123 1 0 0 0 0 0
22523 1 0 0 0 0 0
43861 1 0 0 0 0 0
27626 1 0 0 0 0 0
27631 1 0 0 0 0 0
24255 1 0 0 0 0 0
45023 1 0 0 0 0 0
49021 1 0 0 0 0 0
28342 1 0 0 0 0 0
63146 1 0 0 0 0 0
27354 1 0 0 0 0 0
28394 1 0 0 0 0 0
30077 1 0 0 0 0 0
32726 1 0 0 0 0 0
32254 1 0 0 0 0 0
48982 1 0 0 0 0 0
46955 1 0 0 0 0 0
47862 1 0 0 0 0 0
31742 1 0 0 0 0 0
49078 1 0 0 0 0 0
56027 1 0 0 0 0 0
24279 1 0 0 0 0 0
24031 1 0 0 0 0 0
64255 1 0 0 0 0 0
57050 1 0 0 0 0 0
44478 1 0 0 0 0 0
24534 1 0 0 0 0 0
46954 1 0 0 0 0 0
46423 1 0 0 0 0 0
23998 1 0 0 0 0 0
65239 1 0 0 0 0 0
32239 1 0 0 0 0 0
61110 1 0 0 0 0 0
57175 1 0 0 0 0 0
60085 1 0 0 0 0 0
28014 1 0 0 0 0 0
23423 1 0 0 0 0 0
21850 1 0 0 0 0 0
32091 1 0 0 0 0 0
56238 1 0 0 0 0 0
27373 1 0 0 0 0 0
48855 1 0 0 0 0 0
21869 1 0 0 0 0 0
28405 1 0 0 0 0 0
49006 1 0 0 0 0 0
56302 1 0 0 0 0 0
60077 1 0 0 0 0 0
60159 1 0 0 0 0 0
62970 1 0 0 0 0 0
57325 1 0 0 0 0 0
48854 1 0 0 0 0 0
27647 1 0 0 0 0 0
28602 1 0 0 0 0 0
22235 1 0 0 0 0 0
24026 1 0 0 0 0 0
56831 1 0 0 0 0 0
60086 1 0 0 0 0 0
48811 1 0 0 0 0 0
57066 1 0 0 0 0 0
23543 1 0 0 0 0 0
57195 1 0 0 0 0 0
60277 1 0 0 0 0 0
32733 1 0 0 0 0 0
61175 1 0 0 0 0 0
62942 1 0 0 0 0 0
46517 1 0 0 0 0 0
64509 1 0 0 0 0 0
44535 1 0 0 0 0 0
55990 1 0 0 0 0 0
61421 1 0 0 0 0 0
63339 1 0 0 0 0 0
23213 1 0 0 0 0 0
48895 1 0 0 0 0 0
61098 1 0 0 0 0 0
61303 1 0 0 0 0 0
22443 1 0 0 0 0 0
60918 1 0 0 0 0 0
56029 1 0 0 0 0 0
24250 1 0 0 0 0 0
49018 1 0 0 0 0 0
62975 1 0 0 0 0 0
65469 1 0 0 0 0 0
44410 1 0 0 0 0 0
28090 1 0 0 0 0 0
24509 1 0 0 0 0 0
30654 1 0 0 0 0 0
60910 1 0 0 0 0 0
23893 1 0 0 0 0 0
47997 1 0 0 0 0 0
44526 1 0 0 0 0 0
55290 1 0 0 0 0 0
22378 1 0 0 0 0 0
22506 1 0 0 0 0 0
44763 1 0 0 0 0 0
49109 1 0 0 0 0 0
28122 1 0 0 0 0 0
46453 1 0 0 0 0 0
27323 1 0 0 0 0 0
49005 1 0 0 0 0 0
62893 1 0 0 0 0 0
48829 1 0 0 0 0 0
65463 1 0 0 0 0 0
47087 1 0 0 0 0 0
60798 1 0 0 0 0 0
21879 1 0 0 0 0 0
23277 1 0 0 0 0 0
64375 1 0 0 0 0 0
22197 1 0 0 0 0 0
64987 1 0 0 0 0 0
48638 1 0 0 0 0 0
46973 1 0 0 0 0 0
47798 1 0 0 0 0 0
32725 1 0 0 0 0 0
24303 1 0 0 0 0 0
44015 1 0 0 0 0 0
28535 1 0 0 0 0 0
46970 1 0 0 0 0 0
32250 1 0 0 0 0 0
23989 1 0 0 0 0 0
60087 1 0 0 0 0 0
60331 1 0 0 0 0 0
61438 1 0 0 0 0 0
30191 1 0 0 0 0 0
44781 1 0 0 0 0 0
55147 1 0 0 0 0 0
56187 1 0 0 0 0 0
32118 1 0 0 0 0 0
21854 1 0 0 0 0 0
56798 1 0 0 0 0 0
60766 1 0 0 0 0 0
56247 1 0 0 0 0 0
54614 1 0 0 0 0 0
57303 1 0 0 0 0 0
23517 1 0 0 0 0 0
30557 1 0 0 0 0 0
60906 1 0 0 0 0 0
62939 1 0 0 0 0 0
24246 1 0 0 0 0 0
31670 1 0 0 0 0 0
60341 1 0 0 0 0 0
55018 1 0 0 0 0 0
56686 1 0 0 0 0 0
31483 1 0 0 0 0 0
43767 1 0 0 0 0 0
63477 1 0 0 0 0 0
46943 1 0 0 0 0 0
30397 1 0 0 0 0 0
54703 1 0 0 0 0 0
60253 1 0 0 0 0 0
24239 1 0 0 0 0 0
31675 1 0 0 0 0 0
32475 1 0 0 0 0 0
62957 1 0 0 0 0 0
56826 1 0 0 0 0 0
47983 1 0 0 0 0 0
47851 1 0 0 0 0 0
65461 1 0 0 0 0 0
60759 1 0 0 0 0 0
23467 1 0 0 0 0 0
28374 1 0 0 0 0 0
28398 1 0 0 0 0 0
47790 1 0 0 0 0 0
45039 1 0 0 0 0 0
64863 1 0 0 0 0 0
55131 1 0 0 0 0 0
44022 1 0 0 0 0 0
64990 1 0 0 0 0 0
55983 1 0 0 0 0 0
43893 1 0 0 0 0 0
47963 1 0 0 0 0 0
48095 1 0 0 0 0 0
46462 1 0 0 0 0 0
32502 1 0 0 0 0 0
22511 1 0 0 0 0 0
32759 1 0 0 0 0 0
47807 1 0 0 0 0 0
56043 1 0 0 0 0 0
56750 1 0 0 0 0 0
64943 1 0 0 0 0 0
55278 1 0 0 0 0 0
65210 1 0 0 0 0 0
54650 1 0 0 0 0 0
31605 1 0 0 0 0 0
30173 1 0 0 0 0 0
48062 1 0 0 0 0 0
54773 1 0 0 0 0 0
27383 1 0 0 0 0 0
24426 1 0 0 0 0 0
28670 1 0 0 0 0 0
30645 1 0 0 0 0 0
44782 1 0 0 0 0 0
64247 1 0 0 0 0 0
31734 1 0 0 0 0 0
48863 1 0 0 0 0 0
44719 1 0 0 0 0 0
46426 1 0 0 0 0 0
48474 1 0 0 0 0 0
65514 1 0 0 0 0 0
65531 1 0 0 0 0 0
44758 1 0 0 0 0 0
56283 1 0 0 0 0 0
44895 1 0 0 0 0 0
57269 1 0 0 0 0 0
23227 1 0 0 0 0 0
21887 1 0 0 0 0 0
57053 1 0 0 0 0 0
60143 1 0 0 0 0 0
21886 1 0 0 0 0 0
55982 1 0 0 0 0 0
56183 1 0 0 0 0 0
54710 1 0 0 0 0 0
61165 1 0 0 0 0 0
63165 1 0 0 0 0 0
27583 1 0 0 0 0 0
63214 1 0 0 0 0 0
31414 1 0 0 0 0 0
57307 1 0 0 0 0 0
44030 1 0 0 0 0 0
64367 1 0 0 0 0 0
23534 1 0 0 0 0 0
23991 1 0 0 0 0 0
22462 1 0 0 0 0 0
28343 1 0 0 0 0 0
28158 1 0 0 0 0 0
62910 1 0 0 0 0 0
57278 1 0 0 0 0 0
30454 1 0 0 0 0 0
56685 1 0 0 0 0 0
44757 1 0 0 0 0 0
30719 1 0 0 0 0 0
57054 1 0 0 0 0 0
65246 1 0 0 0 0 0
60758 1 0 0 0 0 0
56253 1 0 0 0 0 0
23917 1 0 0 0 0 0
49019 1 0 0 0 0 0
23387 1 0 0 0 0 0
48885 1 0 0 0 0 0
56317 1 0 0 0 0 0
57045 1 0 0 0 0 0
23919 1 0 0 0 0 0
30714 1 0 0 0 0 0
32477 1 0 0 0 0 0
64430 1 0 0 0 0 0
57194 1 0 0 0 0 0
60342 1 0 0 0 0 0
30586 1 0 0 0 0 0
61117 1 0 0 0 0 0
63223 1 0 0 0 0 0
23535 1 0 0 0 0 0
62839 1 0 0 0 0 0
55226 1 0 0 0 0 0
63158 1 0 0 0 0 0
28541 1 0 0 0 0 0
57071 1 0 0 0 0 0
64349 1 0 0 0 0 0
27390 1 0 0 0 0 0
46782 1 0 0 0 0 0
45015 1 0 0 0 0 0
64175 1 0 0 0 0 0
32170 1 0 0 0 0 0
30123 1 0 0 0 0 0
32478 1 0 0 0 0 0
22446 1 0 0 0 0 0
31581 1 0 0 0 0 0
32095 1 0 0 0 0 0
32429 1 0 0 0 0 0
44411 1 0 0 0 0 0
61435 1 0 0 0 0 0
64445 1 0 0 0 0 0
24283 1 0 0 0 0 0
60778 1 0 0 0 0 0
43867 1 0 0 0 0 0
43701 1 0 0 0 0 0
44379 1 0 0 0 0 0
48986 1 0 0 0 0 0
57046 1 0 0 0 0 0
32181 1 0 0 0 0 0
28010 1 0 0 0 0 0
22189 1 0 0 0 0 0
43734 1 0 0 0 0 0
46526 1 0 0 0 0 0
55007 1 0 0 0 0 0
60266 1 0 0 0 0 0
64187 1 0 0 0 0 0
43947 1 0 0 0 0 0
24287 1 0 0 0 0 0
46842 1 0 0 0 0 0
54766 1 0 0 0 0 0
56155 1 0 0 0 0 0
64189 1 0 0 0 0 0
43709 1 0 0 0 0 0
47069 1 0 0 0 0 0
48045 1 0 0 0 0 0
54634 1 0 0 0 0 0
55997 1 0 0 0 0 0
64246 1 0 0 0 0 0
64474 1 0 0 0 0 0
63159 1 0 0 0 0 0
28406 1 0 0 0 0 0
43703 1 0 0 0 0 0
54957 1 0 0 0 0 0
21995 1 0 0 0 0 0
44726 1 0 0 0 0 0
63199 1 0 0 0 0 0
64174 1 0 0 0 0 0
21882 1 0 0 0 0 0
64186 1 0 0 0 0 0
65367 1 0 0 0 0 0
56698 1 0 0 0 0 0
45037 1 0 0 0 0 0
22238 1 0 0 0 0 0
62903 1 0 0 0 0 0
64942 1 0 0 0 0 0
46519 1 0 0 0 0 0
27566 1 0 0 0 0 0
47038 1 0 0 0 0 0
60095 1 0 0 0 0 0
64181 1 0 0 0 0 0
30423 1 0 0 0 0 0
60782 1 0 0 0 0 0
61311 1 0 0 0 0 0
24565 1 0 0 0 0 0
28635 1 0 0 0 0 0
54778 1 0 0 0 0 0
48607 1 0 0 0 0 0
60886 1 0 0 0 0 0
28335 1 0 0 0 0 0
24574 1 0 0 0 0 0
48502 1 0 0 0 0 0
60395 1 0 0 0 0 0
57310 1 0 0 0 0 0
30421 1 0 0 0 0 0
61290 1 0 0 0 0 0
62843 1 0 0 0 0 0
23895 1 0 0 0 0 0
56669 1 0 0 0 0 0
54763 1 0 0 0 0 0
23542 1 0 0 0 0 0
22455 1 0 0 0 0 0
28666 1 0 0 0 0 0
62907 1 0 0 0 0 0
64991 1 0 0 0 0 0
56047 1 0 0 0 0 0
64510 1 0 0 0 0 0
65518 1 0 0 0 0 0
55978 1 0 0 0 0 0
22239 1 0 0 0 0 0
64223 1 0 0 0 0 0
28414 1 0 0 0 0 0
63453 1 0 0 0 0 0
22522 1 0 0 0 0 0
55991 1 0 0 0 0 0
60378 1 0 0 0 0 0
24317 1 0 0 0 0 0
32245 1 0 0 0 0 0
63482 1 0 0 0 0 0
28407 1 0 0 0 0 0
61354 1 0 0 0 0 0
24245 1 0 0 0 0 0
60270 1 0 0 0 0 0
44470 1 0 0 0 0 0
47850 1 0 0 0 0 0
48981 1 0 0 0 0 0
55286 1 0 0 0 0 0
64959 1 0 0 0 0 0
28118 1 0 0 0 0 0
48506 1 0 0 0 0 0
65021 1 0 0 0 0 0
65515 1 0 0 0 0 0
44922 1 0 0 0 0 0
65261 1 0 0 0 0 0
28331 1 0 0 0 0 0
23274 1 0 0 0 0 0
48047 1 0 0 0 0 0
48507 1 0 0 0 0 0
55021 1 0 0 0 0 0
65271 1 0 0 0 0 0
54621 1 0 0 0 0 0
65527 1 0 0 0 0 0
61294 1 0 0 0 0 0
65403 1 0 0 0 0 0
24298 1 0 0 0 0 0
46779 1 0 0 0 0 0
47837 1 0 0 0 0 0
24539 1 0 0 0 0 0
49135 1 0 0 0 0 0
44797 1 0 0 0 0 0
55163 1 0 0 0 0 0
32749 1 0 0 0 0 0
56234 1 0 0 0 0 0
46845 1 0 0 0 0 0
60845 1 0 0 0 0 0
30574 1 0 0 0 0 0
24493 1 0 0 0 0 0
54751 1 0 0 0 0 0
56822 1 0 0 0 0 0
54781 1 0 0 0 0 0
28603 1 0 0 0 0 0
24319 1 0 0 0 0 0
64470 1 0 0 0 0 0
31711 1 0 0 0 0 0
48629 1 0 0 0 0 0
31407 1 0 0 0 0 0
44789 1 0 0 0 0 0
22399 1 0 0 0 0 0
43693 1 0 0 0 0 0
43999 1 0 0 0 0 0
60863 1 0 0 0 0 0
30135 1 0 0 0 0 0
30583 1 0 0 0 0 0
30198 1 0 0 0 0 0
46807 1 0 0 0 0 0
48107 1 0 0 0 0 0
57078 1 0 0 0 0 0
60907 1 0 0 0 0 0
56246 1 0 0 0 0 0
62831 1 0 0 0 0 0
32686 1 0 0 0 0 0
45050 1 0 0 0 0 0
65467 1 0 0 0 0 0
30637 1 0 0 0 0 0
55135 1 0 0 0 0 0
24254 1 0 0 0 0 0
44533 1 0 0 0 0 0
46773 1 0 0 0 0 0
48127 1 0 0 0 0 0
31706 1 0 0 0 0 0
31421 1 0 0 0 0 0
22390 1 0 0 0 0 0
27642 1 0 0 0 0 0
30207 1 0 0 0 0 0
65399 1 0 0 0 0 0
30139 1 0 0 0 0 0
48118 1 0 0 0 0 0
48493 1 0 0 0 0 0
22261 1 0 0 0 0 0
31611 1 0 0 0 0 0
61295 1 0 0 0 0 0
47839 1 0 0 0 0 0
55259 1 0 0 0 0 0
61114 1 0 0 0 0 0
30170 1 0 0 0 0 0
43903 1 0 0 0 0 0
30677 1 0 0 0 0 0
31679 1 0 0 0 0 0
48126 1 0 0 0 0 0
32255 1 0 0 0 0 0
31487 1 0 0 0 0 0
62955 1 0 0 0 0 0
48814 1 0 0 0 0 0
57067 1 0 0 0 0 0
27350 1 0 0 0 0 0
44527 1 0 0 0 0 0
43706 1 0 0 0 0 0
43902 1 0 0 0 0 0
23518 1 0 0 0 0 0
22013 1 0 0 0 0 0
63327 1 0 0 0 0 0
32506 1 0 0 0 0 0
65019 1 0 0 0 0 0
21998 1 0 0 0 0 0
44475 1 0 0 0 0 0
31741 1 0 0 0 0 0
54653 1 0 0 0 0 0
21946 1 0 0 0 0 0
61103 1 0 0 0 0 0
64351 1 0 0 0 0 0
22491 1 0 0 0 0 0
28605 1 0 0 0 0 0
56318 1 0 0 0 0 0
55227 1 0 0 0 0 0
60335 1 0 0 0 0 0
47831 1 0 0 0 0 0
48621 1 0 0 0 0 0
46586 1 0 0 0 0 0
44798 1 0 0 0 0 0
28093 1 0 0 0 0 0
21877 1 0 0 0 0 0
28347 1 0 0 0 0 0
30187 1 0 0 0 0 0
32634 1 0 0 0 0 0
47863 1 0 0 0 0 0
28127 1 0 0 0 0 0
44730 1 0 0 0 0 0
54749 1 0 0 0 0 0
55210 1 0 0 0 0 0
64427 1 0 0 0 0 0
61173 1 0 0 0 0 0
63195 1 0 0 0 0 0
31726 1 0 0 0 0 0
48477 1 0 0 0 0 0
49146 1 0 0 0 0 0
27386 1 0 0 0 0 0
46557 1 0 0 0 0 0
57079 1 0 0 0 0 0
28538 1 0 0 0 0 0
46806 1 0 0 0 0 0
57179 1 0 0 0 0 0
54775 1 0 0 0 0 0
49130 1 0 0 0 0 0
57207 1 0 0 0 0 0
49023 1 0 0 0 0 0
28031 1 0 0 0 0 0
27581 1 0 0 0 0 0
28395 1 0 0 0 0 0
28543 1 0 0 0 0 0
21935 1 0 0 0 0 0
48119 1 0 0 0 0 0
60118 1 0 0 0 0 0
46583 1 0 0 0 0 0
44406 1 0 0 0 0 0
55150 1 0 0 0 0 0
60279 1 0 0 0 0 0
60846 1 0 0 0 0 0
27643 1 0 0 0 0 0
22187 1 0 0 0 0 0
62846 1 0 0 0 0 0
55030 1 0 0 0 0 0
46587 1 0 0 0 0 0
23514 1 0 0 0 0 0
56189 1 0 0 0 0 0
43966 1 0 0 0 0 0
27498 1 0 0 0 0 0
64245 1 0 0 0 0 0
21979 1 0 0 0 0 0
27501 1 0 0 0 0 0
56790 1 0 0 0 0 0
64363 1 0 0 0 0 0
27999 1 0 0 0 0 0
30639 1 0 0 0 0 0
60762 1 0 0 0 0 0
57263 1 0 0 0 0 0
55159 1 0 0 0 0 0
56663 1 0 0 0 0 0
32510 1 0 0 0 0 0
62909 1 0 0 0 0 0
23221 1 0 0 0 0 0
31450 1 0 0 0 0 0
60862 1 0 0 0 0 0
63317 1 0 0 0 0 0
28349 1 0 0 0 0 0
24538 1 0 0 0 0 0
31466 1 0 0 0 0 0
44503 1 0 0 0 0 0
47094 1 0 0 0 0 0
48557 1 0 0 0 0 0
48983 1 0 0 0 0 0
56749 1 0 0 0 0 0
23901 1 0 0 0 0 0
31415 1 0 0 0 0 0
22485 1 0 0 0 0 0
57082 1 0 0 0 0 0
64251 1 0 0 0 0 0
60255 1 0 0 0 0 0
21942 1 0 0 0 0 0
28155 1 0 0 0 0 0
22494 1 0 0 0 0 0
43989 1 0 0 0 0 0
43990 1 0 0 0 0 0
30190 1 0 0 0 0 0
45038 1 0 0 0 0 0
44725 1 0 0 0 0 0
56701 1 0 0 0 0 0
43739 1 0 0 0 0 0
55274 1 0 0 0 0 0
57007 1 0 0 0 0 0
57214 1 0 0 0 0 0
60399 1 0 0 0 0 0
64171 1 0 0 0 0 0
30647 1 0 0 0 0 0
64477 1 0 0 0 0 0
65015 1 0 0 0 0 0
65269 1 0 0 0 0 0
24510 1 0 0 0 0 0
48874 1 0 0 0 0 0
64429 1 0 0 0 0 0
65517 1 0 0 0 0 0
64989 1 0 0 0 0 0
65530 1 0 0 0 0 0
48603 1 0 0 0 0 0
56687 1 0 0 0 0 0
63423 1 0 0 0 0 0
46574 1 0 0 0 0 0
47067 1 0 0 0 0 0
48858 1 0 0 0 0 0
23515 1 0 0 0 0 0
32703 1 0 0 0 0 0
47871 1 0 0 0 0 0
62827 1 0 0 0 0 0
21994 1 0 0 0 0 0
61307 1 0 0 0 0 0
28651 1 0 0 0 0 0
63151 1 0 0 0 0 0
55989 1 0 0 0 0 0
22395 1 0 0 0 0 0
61357 1 0 0 0 0 0
64381 1 0 0 0 0 0
63486 1 0 0 0 0 0
65533 1 0 0 0 0 0
23478 1 0 0 0 0 0
31402 1 0 0 0 0 0
64874 1 0 0 0 0 0
23935 1 0 0 0 0 0
57070 1 0 0 0 0 0
27514 1 0 0 0 0 0
30582 1 0 0 0 0 0
32191 1 0 0 0 0 0
23533 1 0 0 0 0 0
28511 1 0 0 0 0 0
44923 1 0 0 0 0 0
22487 1 0 0 0 0 0
47031 1 0 0 0 0 0
54997 1 0 0 0 0 0
57019 1 0 0 0 0 0
32218 1 0 0 0 0 0
32699 1 0 0 0 0 0
23261 1 0 0 0 0 0
30430 1 0 0 0 0 0
65245 1 0 0 0 0 0
49131 1 0 0 0 0 0
60842 1 0 0 0 0 0
63485 1 0 0 0 0 0
30646 1 0 0 0 0 0
27487 1 0 0 0 0 0
31467 1 0 0 0 0 0
43771 1 0 0 0 0 0
23215 1 0 0 0 0 0
44374 1 0 0 0 0 0
44759 1 0 0 0 0 0
47967 1 0 0 0 0 0
48055 1 0 0 0 0 0
48085 1 0 0 0 0 0
30655 1 0 0 0 0 0
44926 1 0 0 0 0 0
48877 1 0 0 0 0 0
57018 1 0 0 0 0 0
54965 1 0 0 0 0 0
57086 1 0 0 0 0 0
60246 1 0 0 0 0 0
61275 1 0 0 0 0 0
56746 1 0 0 0 0 0
56237 1 0 0 0 0 0
54779 1 0 0 0 0 0
23933 1 0 0 0 0 0
60794 1 0 0 0 0 0
30653 1 0 0 0 0 0
60853 1 0 0 0 0 0
28095 1 0 0 0 0 0
61419 1 0 0 0 0 0
63470 1 0 0 0 0 0
47066 1 0 0 0 0 0
23978 1 0 0 0 0 0
27611 1 0 0 0 0 0
55134 1 0 0 0 0 0
55261 1 0 0 0 0 0
61174 1 0 0 0 0 0
64983 1 0 0 0 0 0
30399 1 0 0 0 0 0
64502 1 0 0 0 0 0
64479 1 0 0 0 0 0
48510 1 0 0 0 0 0
21930 1 0 0 0 0 0
63197 1 0 0 0 0 0
54655 1 0 0 0 0 0
61279 1 0 0 0 0 0
65453 1 0 0 0 0 0
61270 1 0 0 0 0 0
45035 1 0 0 0 0 0
24439 1 0 0 0 0 0
43710 1 0 0 0 0 0
31478 1 0 0 0 0 0
61150 1 0 0 0 0 0
64373 1 0 0 0 0 0
30206 1 0 0 0 0 0
23899 1 0 0 0 0 0
30126 1 0 0 0 0 0
28661 1 0 0 0 0 0
30038 1 0 0 0 0 0
24443 1 0 0 0 0 0
43898 1 0 0 0 0 0
22397 1 0 0 0 0 0
44718 1 0 0 0 0 0
48598 1 0 0 0 0 0
49114 1 0 0 0 0 0
54637 1 0 0 0 0 0
63325 1 0 0 0 0 0
31575 1 0 0 0 0 0
24503 1 0 0 0 0 0
64213 1 0 0 0 0 0
44014 1 0 0 0 0 0
60330 1 0 0 0 0 0
63190 1 0 0 0 0 0
22202 1 0 0 0 0 0
47071 1 0 0 0 0 0
61146 1 0 0 0 0 0
54718 1 0 0 0 0 0
63483 1 0 0 0 0 0
32215 1 0 0 0 0 0
32234 1 0 0 0 0 0
62830 1 0 0 0 0 0
64237 1 0 0 0 0 0
48093 1 0 0 0 0 0
30678 1 0 0 0 0 0
64877 1 0 0 0 0 0
64878 1 0 0 0 0 0
23386 1 0 0 0 0 0
47789 1 0 0 0 0 0
65373 1 0 0 0 0 0
43742 1 0 0 0 0 0
32443 1 0 0 0 0 0
46570 1 0 0 0 0 0
45051 1 0 0 0 0 0
23419 1 0 0 0 0 0
45055 1 0 0 0 0 0
32685 1 0 0 0 0 0
56813 1 0 0 0 0 0
30043 1 0 0 0 0 0
65275 1 0 0 0 0 0
49110 1 0 0 0 0 0
54714 1 0 0 0 0 0
22006 1 0 0 0 0 0
23466 1 0 0 0 0 0
45022 1 0 0 0 0 0
57003 1 0 0 0 0 0
28599 1 0 0 0 0 0
23981 1 0 0 0 0 0
28634 1 0 0 0 0 0
28509 1 0 0 0 0 0
27381 1 0 0 0 0 0
54967 1 0 0 0 0 0
23482 1 0 0 0 0 0
56150 1 0 0 0 0 0
30462 1 0 0 0 0 0
49115 1 0 0 0 0 0
48879 1 0 0 0 0 0
22383 1 0 0 0 0 0
44974 1 0 0 0 0 0
22447 1 0 0 0 0 0
60858 1 0 0 0 0 0
56682 1 0 0 0 0 0
56683 1 0 0 0 0 0
46813 1 0 0 0 0 0
48618 1 0 0 0 0 0
46551 1 0 0 0 0 0
46839 1 0 0 0 0 0
48990 1 0 0 0 0 0
62891 1 0 0 0 0 0
65471 1 0 0 0 0 0
43958 1 0 0 0 0 0
23383 1 0 0 0 0 0
32447 1 0 0 0 0 0
56058 1 0 0 0 0 0
28373 1 0 0 0 0 0
65023 1 0 0 0 0 0
27310 1 0 0 0 0 0
30570 1 0 0 0 0 0
48058 1 0 0 0 0 0
60895 1 0 0 0 0 0
32635 1 0 0 0 0 0
60779 1 0 0 0 0 0
27646 1 0 0 0 0 0
27630 1 0 0 0 0 0
30461 1 0 0 0 0 0
44989 1 0 0 0 0 0
30205 1 0 0 0 0 0
55125 1 0 0 0 0 0
56173 1 0 0 0 0 0
22253 1 0 0 0 0 0
30718 1 0 0 0 0 0
30395 1 0 0 0 0 0
47853 1 0 0 0 0 0
55258 1 0 0 0 0 0
44399 1 0 0 0 0 0
48043 1 0 0 0 0 0
28650 1 0 0 0 0 0
46966 1 0 0 0 0 0
24299 1 0 0 0 0 0
55039 1 0 0 0 0 0
64955 1 0 0 0 0 0
44778 1 0 0 0 0 0
32618 1 0 0 0 0 0
63323 1 0 0 0 0 0
32171 1 0 0 0 0 0
30638 1 0 0 0 0 0
21943 1 0 0 0 0 0
64890 1 0 0 0 0 0
61437 1 0 0 0 0 0
27309 1 0 0 0 0 0
56827 1 0 0 0 0 0
28138 1 0 0 0 0 0
47959 1 0 0 0 0 0
47835 1 0 0 0 0 0
43869 1 0 0 0 0 0
27502 1 0 0 0 0 0
32221 1 0 0 0 0 0
48470 1 0 0 0 0 0
23389 1 0 0 0 0 0
47023 1 0 0 0 0 0
56149 1 0 0 0 0 0
56789 1 0 0 0 0 0
22262 1 0 0 0 0 0
48886 1 0 0 0 0 0
56810 1 0 0 0 0 0
60783 1 0 0 0 0 0
31739 1 0 0 0 0 0
46958 1 0 0 0 0 0
31594 1 0 0 0 0 0
22271 1 0 0 0 0 0
60855 1 0 0 0 0 0
24445 1 0 0 0 0 0
48878 1 0 0 0 0 0
24413 1 0 0 0 0 0
46507 1 0 0 0 0 0
28079 1 0 0 0 0 0
23253 1 0 0 0 0 0
22207 1 0 0 0 0 0
24301 1 0 0 0 0 0
56282 1 0 0 0 0 0
28087 1 0 0 0 0 0
61355 1 0 0 0 0 0
64173 1 0 0 0 0 0
31671 1 0 0 0 0 0
44373 1 0 0 0 0 0
64887 1 0 0 0 0 0
62965 1 0 0 0 0 0
24415 1 0 0 0 0 0
31735 1 0 0 0 0 0
46942 1 0 0 0 0 0
64442 1 0 0 0 0 0
31723 1 0 0 0 0 0
61271 1 0 0 0 0 0
57199 1 0 0 0 0 0
60347 1 0 0 0 0 0
64215 1 0 0 0 0 0
24502 1 0 0 0 0 0
22234 1 0 0 0 0 0
44463 1 0 0 0 0 0
47062 1 0 0 0 0 0
56031 1 0 0 0 0 0
55126 1 0 0 0 0 0
64190 1 0 0 0 0 0
28587 1 0 0 0 0 0
46767 1 0 0 0 0 0
43885 1 0 0 0 0 0
31703 1 0 0 0 0 0
24046 1 0 0 0 0 0
28589 1 0 0 0 0 0
24427 1 0 0 0 0 0
46837 1 0 0 0 0 0
27639 1 0 0 0 0 0
43899 1 0 0 0 0 0
55149 1 0 0 0 0 0
65211 1 0 0 0 0 0
57002 1 0 0 0 0 0
21885 1 0 0 0 0 0
46549 1 0 0 0 0 0
55005 1 0 0 0 0 0
22381 1 0 0 0 0 0
63215 1 0 0 0 0 0
63326 1 0 0 0 0 0
64343 1 0 0 0 0 0
30069 1 0 0 0 0 0
44509 1 0 0 0 0 0
23210 1 0 0 0 0 0
46421 1 0 0 0 0 0
61141 1 0 0 0 0 0
57270 1 0 0 0 0 0
46774 1 0 0 0 0 0
60767 1 0 0 0 0 0
56694 1 0 0 0 0 0
61178 1 0 0 0 0 0
43963 1 0 0 0 0 0
55275 1 0 0 0 0 0
61183 1 0 0 0 0 0
21853 1 0 0 0 0 0
23550 1 0 0 0 0 0
22382 1 0 0 0 0 0
31454 1 0 0 0 0 0
47995 1 0 0 0 0 0
48831 1 0 0 0 0 0
57178 1 0 0 0 0 0
48054 1 0 0 0 0 0
24567 1 0 0 0 0 0
31453 1 0 0 0 0 0
44894 1 0 0 0 0 0
54699 1 0 0 0 0 0
57275 1 0 0 0 0 0
21845 1 0 0 0 0 0
30061 1 0 0 0 0 0
54782 1 0 0 0 0 0
61162 1 0 0 0 0 0
28126 1 0 0 0 0 0
23510 1 0 0 0 0 0
21974 1 0 0 0 0 0
24405 1 0 0 0 0 0
30075 1 0 0 0 0 0
32637 1 0 0 0 0 0
43733 1 0 0 0 0 0
30445 1 0 0 0 0 0
43957 1 0 0 0 0 0
55255 1 0 0 0 0 0
28526 1 0 0 0 0 0
48471 1 0 0 0 0 0
22190 1 0 0 0 0 0
22493 1 0 0 0 0 0
62845 1 0 0 0 0 0
32223 1 0 0 0 0 0
48090 1 0 0 0 0 0
64253 1 0 0 0 0 0
56278 1 0 0 0 0 0
60406 1 0 0 0 0 0
31578 1 0 0 0 0 0
23990 1 0 0 0 0 0
27499 1 0 0 0 0 0
22442 1 0 0 0 0 0
62807 1 0 0 0 0 0
22366 1 0 0 0 0 0
27995 1 0 0 0 0 0
32734 1 0 0 0 0 0
60150 1 0 0 0 0 0
30558 1 0 0 0 0 0
43862 1 0 0 0 0 0
23898 1 0 0 0 0 0
61302 1 0 0 0 0 0
32501 1 0 0 0 0 0
44917 1 0 0 0 0 0
44986 1 0 0 0 0 0
47070 1 0 0 0 0 0
65462 1 0 0 0 0 0
49022 1 0 0 0 0 0
24253 1 0 0 0 0 0
24047 1 0 0 0 0 0
65406 1 0 0 0 0 0
23903 1 0 0 0 0 0
21931 1 0 0 0 0 0
32495 1 0 0 0 0 0
44987 1 0 0 0 0 0
44991 1 0 0 0 0 0
60283 1 0 0 0 0 0
47030 1 0 0 0 0 0
31422 1 0 0 0 0 0
47787 1 0 0 0 0 0
47981 1 0 0 0 0 0
63359 1 0 0 0 0 0
64446 1 0 0 0 0 0
56814 1 0 0 0 0 0
43946 1 0 0 0 0 0
21870 1 0 0 0 0 0
64170 1 0 0 0 0 0
55263 1 0 0 0 0 0
60894 1 0 0 0 0 0
48830 1 0 0 0 0 0
22367 1 0 0 0 0 0
24446 1 0 0 0 0 0
57051 1 0 0 0 0 0
24559 1 0 0 0 0 0
62829 1 0 0 0 0 0
65242 1 0 0 0 0 0
48478 1 0 0 0 0 0
24438 1 0 0 0 0 0
31477 1 0 0 0 0 0
22229 1 0 0 0 0 0
56174 1 0 0 0 0 0
46781 1 0 0 0 0 0
64238 1 0 0 0 0 0
28086 1 0 0 0 0 0
56059 1 0 0 0 0 0
43743 1 0 0 0 0 0
30390 1 0 0 0 0 0
28671 1 0 0 0 0 0
48893 1 0 0 0 0 0
55222 1 0 0 0 0 0
27605 1 0 0 0 0 0
62842 1 0 0 0 0 0
48853 1 0 0 0 0 0
28631 1 0 0 0 0 0
31447 1 0 0 0 0 0
55003 1 0 0 0 0 0
21847 1 0 0 0 0 0
30379 1 0 0 0 0 0
47799 1 0 0 0 0 0
48063 1 0 0 0 0 0
55151 1 0 0 0 0 0
27615 1 0 0 0 0 0
55023 1 0 0 0 0 0
23934 1 0 0 0 0 0
63351 1 0 0 0 0 0
48637 1 0 0 0 0 0
24315 1 0 0 0 0 0
22254 1 0 0 0 0 0
57261 1 0 0 0 0 0
64495 1 0 0 0 0 0
43735 1 0 0 0 0 0
65270 1 0 0 0 0 0
31455 1 0 0 0 0 0
32187 1 0 0 0 0 0
61182 1 0 0 0 0 0
63349 1 0 0 0 0 0
31707 1 0 0 0 0 0
23415 1 0 0 0 0 0
28078 1 0 0 0 0 0
23918 1 0 0 0 0 0
49003 1 0 0 0 0 0
56287 1 0 0 0 0 0
48490 1 0 0 0 0 0
48989 1 0 0 0 0 0
60154 1 0 0 0 0 0
60343 1 0 0 0 0 0
61119 1 0 0 0 0 0
32619 1 0 0 0 0 0
46455 1 0 0 0 0 0
60917 1 0 0 0 0 0
57183 1 0 0 0 0 0
61181 1 0 0 0 0 0
65278 1 0 0 0 0 0
47994 1 0 0 0 0 0
43741 1 0 0 0 0 0
49014 1 0 0 0 0 0
23471 1 0 0 0 0 0
30555 1 0 0 0 0 0
28157 1 0 0 0 0 0
60250 1 0 0 0 0 0
54958 1 0 0 0 0 0
56157 1 0 0 0 0 0
56061 1 0 0 0 0 0
31446 1 0 0 0 0 0
57309 1 0 0 0 0 0
64853 1 0 0 0 0 0
28607 1 0 0 0 0 0
56702 1 0 0 0 0 0
23263 1 0 0 0 0 0
48061 1 0 0 0 0 0
22007 1 0 0 0 0 0
22015 1 0 0 0 0 0
55157 1 0 0 0 0 0
24023 1 0 0 0 0 0
24237 1 0 0 0 0 0
43691 1 0 0 0 0 0
28119 1 0 0 0 0 0
28382 1 0 0 0 0 0
23469 1 0 0 0 0 0
43883 1 0 0 0 0 0
44477 1 0 0 0 0 0
46590 1 0 0 0 0 0
57069 1 0 0 0 0 0
60333 1 0 0 0 0 0
44893 1 0 0 0 0 0
56693 1 0 0 0 0 0
60373 1 0 0 0 0 0
65494 1 0 0 0 0 0
44538 1 0 0 0 0 0
31485 1 0 0 0 0 0
46554 1 0 0 0 0 0
46778 1 0 0 0 0 0
62973 1 0 0 0 0 0
55214 1 0 0 0 0 0
23390 1 0 0 0 0 0
23262 1 0 0 0 0 0
22199 1 0 0 0 0 0
32493 1 0 0 0 0 0
49141 1 0 0 0 0 0
57021 1 0 0 0 0 0
63358 1 0 0 0 0 0
24027 1 0 0 0 0 0
31702 1 0 0 0 0 0
60127 1 0 0 0 0 0
23915 1 0 0 0 0 0
54998 1 0 0 0 0 0
63213 1 0 0 0 0 0
23226 1 0 0 0 0 0
61309 1 0 0 0 0 0
28378 1 0 0 0 0 0
28143 1 0 0 0 0 0
64939 1 0 0 0 0 0
48822 1 0 0 0 0 0
61430 1 0 0 0 0 0
46783 1 0 0 0 0 0
48122 1 0 0 0 0 0
54747 1 0 0 0 0 0
47102 1 0 0 0 0 0
48555 1 0 0 0 0 0
61167 1 0 0 0 0 0
23211 1 0 0 0 0 0
48991 1 0 0 0 0 0
63341 1 0 0 0 0 0
24494 1 0 0 0 0 0
48053 1 0 0 0 0 0
49071 1 0 0 0 0 0
55293 1 0 0 0 0 0
30701 1 0 0 0 0 0
44398 1 0 0 0 0 0
55287 1 0 0 0 0 0
31662 1 0 0 0 0 0
56823 1 0 0 0 0 0
54966 1 0 0 0 0 0
31663 1 0 0 0 0 0
46523 1 0 0 0 0 0
21878 1 0 0 0 0 0
30575 1 0 0 0 0 0
46934 1 0 0 0 0 0
21999 1 0 0 0 0 0
30394 1 0 0 0 0 0
30378 1 0 0 0 0 0
27374 1 0 0 0 0 0
43690 1 0 0 0 0 0
23483 1 0 0 0 0 0
32182 1 0 0 0 0 0
60123 1 0 0 0 0 0
21883 1 0 0 0 0 0
23223 1 0 0 0 0 0
27477 1 0 0 0 0 0
28413 1 0 0 0 0 0
30422 1 0 0 0 0 0
45046 1 0 0 0 0 0
65389 1 0 0 0 0 0
57279 1 0 0 0 0 0
32599 1 0 0 0 0 0
55162 1 0 0 0 0 0
65197 1 0 0 0 0 0
47855 1 0 0 0 0 0
28330 1 0 0 0 0 0
56314 1 0 0 0 0 0
48046 1 0 0 0 0 0
57083 1 0 0 0 0 0
64341 1 0 0 0 0 0
44727 1 0 0 0 0 0
23999 1 0 0 0 0 0
24491 1 0 0 0 0 0
32446 1 0 0 0 0 0
22445 1 0 0 0 0 0
27389 1 0 0 0 0 0
48821 1 0 0 0 0 0
55146 1 0 0 0 0 0
56159 1 0 0 0 0 0
60765 1 0 0 0 0 0
61434 1 0 0 0 0 0
64234 1 0 0 0 0 0
32237 1 0 0 0 0 0
60151 1 0 0 0 0 0
48475 1 0 0 0 0 0
28333 1 0 0 0 0 0
64861 1 0 0 0 0 0
24541 1 0 0 0 0 0
60789 1 0 0 0 0 0
64859 1 0 0 0 0 0
65213 1 0 0 0 0 0
65386 1 0 0 0 0 0
56245 1 0 0 0 0 0
24571 1 0 0 0 0 0
22205 1 0 0 0 0 0
43886 1 0 0 0 0 0
57311 1 0 0 0 0 0
44919 1 0 0 0 0 0
23278 1 0 0 0 0 0
61143 1 0 0 0 0 0
61423 1 0 0 0 0 0
62911 1 0 0 0 0 0
61407 1 0 0 0 0 0
49111 1 0 0 0 0 0
23402 1 0 0 0 0 0
30142 1 0 0 0 0 0
28022 1 0 0 0 0 0
44397 1 0 0 0 0 0
31677 1 0 0 0 0 0
44543 1 0 0 0 0 0
27479 1 0 0 0 0 0
30711 1 0 0 0 0 0
56255 1 0 0 0 0 0
56703 1 0 0 0 0 0
64431 1 0 0 0 0 0
64895 1 0 0 0 0 0
31573 1 0 0 0 0 0
22398 1 0 0 0 0 0
23994 1 0 0 0 0 0
32125 1 0 0 0 0 0
64379 1 0 0 0 0 0
64346 1 0 0 0 0 0
32117 1 0 0 0 0 0
56766 1 0 0 0 0 0
63419 1 0 0 0 0 0
22495 1 0 0 0 0 0
28662 1 0 0 0 0 0
44461 1 0 0 0 0 0
32682 1 0 0 0 0 0
60383 1 0 0 0 0 0
46443 1 0 0 0 0 0
49151 1 0 0 0 0 0
65534 1 0 0 0 0 0
30635 1 0 0 0 0 0
32694 1 0 0 0 0 0
27357 1 0 0 0 0 0
57211 1 0 0 0 0 0
61358 1 0 0 0 0 0
65238 1 0 0 0 0 0
32751 1 0 0 0 0 0
60891 1 0 0 0 0 0
48622 1 0 0 0 0 0
57213 1 0 0 0 0 0
22365 1 0 0 0 0 0
28341 1 0 0 0 0 0
64439 1 0 0 0 0 0
22014 1 0 0 0 0 0
28141 1 0 0 0 0 0
32766 1 0 0 0 0 0
32126 1 0 0 0 0 0
24410 1 0 0 0 0 0
55019 1 0 0 0 0 0
60122 1 0 0 0 0 0
46447 1 0 0 0 0 0
23931 1 0 0 0 0 0
61365 1 0 0 0 0 0
28026 1 0 0 0 0 0
48639 1 0 0 0 0 0
55999 1 0 0 0 0 0
32469 1 0 0 0 0 0
44790 1 0 0 0 0 0
21982 1 0 0 0 0 0
22251 1 0 0 0 0 0
44970 1 0 0 0 0 0
47861 1 0 0 0 0 0
27322 1 0 0 0 0 0
48631 1 0 0 0 0 0
62959 1 0 0 0 0 0
48559 1 0 0 0 0 0
60781 1 0 0 0 0 0
30634 1 0 0 0 0 0
55279 1 0 0 0 0 0
32119 1 0 0 0 0 0
48635 1 0 0 0 0 0
61371 1 0 0 0 0 0
61179 1 0 0 0 0 0
24053 1 0 0 0 0 0
47099 1 0 0 0 0 0
63447 1 0 0 0 0 0
64471 1 0 0 0 0 0
23258 1 0 0 0 0 0
32687 1 0 0 0 0 0
57047 1 0 0 0 0 0
60407 1 0 0 0 0 0
32174 1 0 0 0 0 0
63350 1 0 0 0 0 0
54999 1 0 0 0 0 0
23541 1 0 0 0 0 0
28011 1 0 0 0 0 0
64981 1 0 0 0 0 0
56181 1 0 0 0 0 0
60269 1 0 0 0 0 0
61101 1 0 0 0 0 0
44502 1 0 0 0 0 0
63166 1 0 0 0 0 0
63318 1 0 0 0 0 0
61402 1 0 0 0 0 0
31607 1 0 0 0 0 0
44474 1 0 0 0 0 0
24429 1 0 0 0 0 0
27998 1 0 0 0 0 0
62847 1 0 0 0 0 0
54701 1 0 0 0 0 0
46458 1 0 0 0 0 0
30381 1 0 0 0 0 0
24277 1 0 0 0 0 0
30458 1 0 0 0 0 0
32762 1 0 0 0 0 0
54651 1 0 0 0 0 0
55230 1 0 0 0 0 0
60375 1 0 0 0 0 0
62811 1 0 0 0 0 0
62933 1 0 0 0 0 0
49117 1 0 0 0 0 0
27518 1 0 0 0 0 0
62814 1 0 0 0 0 0
31413 1 0 0 0 0 0
64374 1 0 0 0 0 0
65243 1 0 0 0 0 0
55254 1 0 0 0 0 0
32767 1 0 0 0 0 0
44975 1 0 0 0 0 0
27311 1 0 0 0 0 0
44507 1 0 0 0 0 0
54719 1 0 0 0 0 0
44031 1 0 0 0 0 0
28501 1 0 0 0 0 0
28527 1 0 0 0 0 0
61439 1 0 0 0 0 0
64885 1 0 0 0 0 0
46971 1 0 0 0 0 0
46575 1 0 0 0 0 0
56171 1 0 0 0 0 0
28638 1 0 0 0 0 0
44887 1 0 0 0 0 0
64475 1 0 0 0 0 0
47867 1 0 0 0 0 0
22461 1 0 0 0 0 0
49150 1 0 0 0 0 0
63210 1 0 0 0 0 0
22518 1 0 0 0 0 0
61291 1 0 0 0 0 0
64478 1 0 0 0 0 0
64491 1 0 0 0 0 0
56298 1 0 0 0 0 0
28142 1 0 0 0 0 0
23418 1 0 0 0 0 0
24573 1 0 0 0 0 0
30167 1 0 0 0 0 0
49007 1 0 0 0 0 0
63322 1 0 0 0 0 0
32758 1 0 0 0 0 0
31606 1 0 0 0 0 0
65450 1 0 0 0 0 0
23293 1 0 0 0 0 0
48125 1 0 0 0 0 0
63354 1 0 0 0 0 0
27371 1 0 0 0 0 0
22206 1 0 0 0 0 0
64506 1 0 0 0 0 0
28590 1 0 0 0 0 0
47869 1 0 0 0 0 0
43774 1 0 0 0 0 0
49079 1 0 0 0 0 0
65503 1 0 0 0 0 0
64362 1 0 0 0 0 0
32471 1 0 0 0 0 0
56309 1 0 0 0 0 0
24542 1 0 0 0 0 0
30143 1 0 0 0 0 0
64219 1 0 0 0 0 0
56797 1 0 0 0 0 0
65371 1 0 0 0 0 0
27319 1 0 0 0 0 0
28606 1 0 0 0 0 0
46454 1 0 0 0 0 0
27607 1 0 0 0 0 0
24442 1 0 0 0 0 0
45034 1 0 0 0 0 0
44506 1 0 0 0 0 0
22255 1 0 0 0 0 0
24414 1 0 0 0 0 0
23391 1 0 0 0 0 0
46446 1 0 0 0 0 0
46506 1 0 0 0 0 0
49083 1 0 0 0 0 0
56799 1 0 0 0 0 0
44375 1 0 0 0 0 0
60247 1 0 0 0 0 0
60799 1 0 0 0 0 0
31418 1 0 0 0 0 0
47085 1 0 0 0 0 0
54746 1 0 0 0 0 0
54971 1 0 0 0 0 0
22362 1 0 0 0 0 0
63406 1 0 0 0 0 0
28139 1 0 0 0 0 0
28510 1 0 0 0 0 0
32746 1 0 0 0 0 0
55291 1 0 0 0 0 0
44982 1 0 0 0 0 0
48091 1 0 0 0 0 0
31610 1 0 0 0 0 0
47797 1 0 0 0 0 0
48042 1 0 0 0 0 0
63357 1 0 0 0 0 0
24411 1 0 0 0 0 0
28149 1 0 0 0 0 0
56815 1 0 0 0 0 0
61374 1 0 0 0 0 0
63147 1 0 0 0 0 0
63414 1 0 0 0 0 0
24490 1 0 0 0 0 0
22266 1 0 0 0 0 0
23487 1 0 0 0 0 0
32437 1 0 0 0 0 0
56699 1 0 0 0 0 0
56757 1 0 0 0 0 0
56046 1 0 0 0 0 0
31598 1 0 0 0 0 0
57085 1 0 0 0 0 0
61375 1 0 0 0 0 0
44918 1 0 0 0 0 0
60398 1 0 0 0 0 0
65007 1 0 0 0 0 0
24543 1 0 0 0 0 0
46427 1 0 0 0 0 0
44511 1 0 0 0 0 0
48491 1 0 0 0 0 0
56023 1 0 0 0 0 0
61111 1 0 0 0 0 0
27517 1 0 0 0 0 0
44026 1 0 0 0 0 0
23519 1 0 0 0 0 0
31701 1 0 0 0 0 0
60757 1 0 0 0 0 0
23926 1 0 0 0 0 0
55158 1 0 0 0 0 0
32127 1 0 0 0 0 0
27370 1 0 0 0 0 0
22237 1 0 0 0 0 0
43882 1 0 0 0 0 0
54623 1 0 0 0 0 0
24302 1 0 0 0 0 0
65387 1 0 0 0 0 0
64191 1 0 0 0 0 0
62958 1 0 0 0 0 0
48815 1 0 0 0 0 0
30078 1 0 0 0 0 0
31419 1 0 0 0 0 0
30141 1 0 0 0 0 0
24042 1 0 0 0 0 0
31582 1 0 0 0 0 0
56762 1 0 0 0 0 0
60415 1 0 0 0 0 0
54709 1 0 0 0 0 0
65018 1 0 0 0 0 0
30431 1 0 0 0 0 0
27359 1 0 0 0 0 0
44407 1 0 0 0 0 0
57342 1 0 0 0 0 0
30551 1 0 0 0 0 0
46765 1 0 0 0 0 0
47802 1 0 0 0 0 0
28021 1 0 0 0 0 0
57014 1 0 0 0 0 0
22454 1 0 0 0 0 0
31743 1 0 0 0 0 0
23381 1 0 0 0 0 0
23231 1 0 0 0 0 0
30683 1 0 0 0 0 0
60251 1 0 0 0 0 0
21933 1 0 0 0 0 0
22394 1 0 0 0 0 0
24557 1 0 0 0 0 0
30686 1 0 0 0 0 0
30165 1 0 0 0 0 0
32623 1 0 0 0 0 0
57306 1 0 0 0 0 0
32490 1 0 0 0 0 0
63342 1 0 0 0 0 0
64378 1 0 0 0 0 0
30174 1 0 0 0 0 0
64862 1 0 0 0 0 0
31709 1 0 0 0 0 0
56765 1 0 0 0 0 0
60138 1 0 0 0 0 0
56251 1 0 0 0 0 0
48087 1 0 0 0 0 0
48567 1 0 0 0 0 0
62938 1 0 0 0 0 0
63191 1 0 0 0 0 0
30047 1 0 0 0 0 0
28539 1 0 0 0 0 0
24495 1 0 0 0 0 0
27307 1 0 0 0 0 0
30134 1 0 0 0 0 0
30446 1 0 0 0 0 0
46522 1 0 0 0 0 0
22517 1 0 0 0 0 0
48503 1 0 0 0 0 0
55211 1 0 0 0 0 0
32445 1 0 0 0 0 0
60926 1 0 0 0 0 0
64218 1 0 0 0 0 0
27613 1 0 0 0 0 0
64490 1 0 0 0 0 0
28015 1 0 0 0 0 0
61151 1 0 0 0 0 0
64503 1 0 0 0 0 0
22005 1 0 0 0 0 0
56319 1 0 0 0 0 0
24310 1 0 0 0 0 0
60397 1 0 0 0 0 0
28125 1 0 0 0 0 0
32698 1 0 0 0 0 0
32106 1 0 0 0 0 0
46959 1 0 0 0 0 0
48109 1 0 0 0 0 0
64382 1 0 0 0 0 0
47101 1 0 0 0 0 0
28085 1 0 0 0 0 0
28586 1 0 0 0 0 0
63478 1 0 0 0 0 0
46445 1 0 0 0 0 0
48862 1 0 0 0 0 0
57277 1 0 0 0 0 0
46810 1 0 0 0 0 0
43950 1 0 0 0 0 0
64239 1 0 0 0 0 0
30398 1 0 0 0 0 0
30203 1 0 0 0 0 0
30455 1 0 0 0 0 0
43994 1 0 0 0 0 0
46830 1 0 0 0 0 0
22507 1 0 0 0 0 0
57271 1 0 0 0 0 0
48602 1 0 0 0 0 0
47990 1 0 0 0 0 0
21851 1 0 0 0 0 0
56303 1 0 0 0 0 0
56829 1 0 0 0 0 0
62935 1 0 0 0 0 0
30581 1 0 0 0 0 0
56758 1 0 0 0 0 0
22011 1 0 0 0 0 0
23546 1 0 0 0 0 0
64982 1 0 0 0 0 0
65519 1 0 0 0 0 0
48554 1 0 0 0 0 0
48813 1 0 0 0 0 0
61142 1 0 0 0 0 0
24533 1 0 0 0 0 0
56190 1 0 0 0 0 0
21983 1 0 0 0 0 0
55231 1 0 0 0 0 0
24247 1 0 0 0 0 0
56671 1 0 0 0 0 0
61306 1 0 0 0 0 0
23222 1 0 0 0 0 0
54974 1 0 0 0 0 0
48826 1 0 0 0 0 0
63421 1 0 0 0 0 0
43738 1 0 0 0 0 0
60381 1 0 0 0 0 0
48630 1 0 0 0 0 0
30651 1 0 0 0 0 0
32630 1 0 0 0 0 0
24558 1 0 0 0 0 0
48495 1 0 0 0 0 0
54955 1 0 0 0 0 0
60346 1 0 0 0 0 0
64493 1 0 0 0 0 0
30685 1 0 0 0 0 0
65198 1 0 0 0 0 0
24282 1 0 0 0 0 0
23979 1 0 0 0 0 0
44717 1 0 0 0 0 0
24566 1 0 0 0 0 0
28350 1 0 0 0 0 0
31659 1 0 0 0 0 0
46957 1 0 0 0 0 0
28159 1 0 0 0 0 0
31469 1 0 0 0 0 0
22525 1 0 0 0 0 0
61405 1 0 0 0 0 0
63162 1 0 0 0 0 0
44733 1 0 0 0 0 0
62901 1 0 0 0 0 0
63403 1 0 0 0 0 0
28534 1 0 0 0 0 0
28591 1 0 0 0 0 0
30383 1 0 0 0 0 0
43951 1 0 0 0 0 0
28525 1 0 0 0 0 0
48891 1 0 0 0 0 0
47039 1 0 0 0 0 0
30062 1 0 0 0 0 0
47786 1 0 0 0 0 0
57015 1 0 0 0 0 0
43770 1 0 0 0 0 0
65498 1 0 0 0 0 0
48859 1 0 0 0 0 0
55022 1 0 0 0 0 0
65247 1 0 0 0 0 0
65366 1 0 0 0 0 0
22389 1 0 0 0 0 0
44378 1 0 0 0 0 0
44013 1 0 0 0 0 0
